{
 "cells": [
  {
   "cell_type": "code",
   "execution_count": 1,
   "metadata": {
    "id": "GNzg67n3wTLI"
   },
   "outputs": [],
   "source": [
    "import numpy as np\n",
    "import pandas as pd\n",
    "import matplotlib.pyplot as plt\n",
    "import seaborn as sns\n",
    "import yfinance as yf"
   ]
  },
  {
   "cell_type": "code",
   "execution_count": 2,
   "metadata": {
    "id": "9sxKCg8LwUTf"
   },
   "outputs": [
    {
     "name": "stderr",
     "output_type": "stream",
     "text": [
      "[*********************100%***********************]  9 of 9 completed\n",
      "/var/folders/h1/6sllxx6j0zb6l_hvj_9ys3qh0000gn/T/ipykernel_77718/3270961402.py:6: FutureWarning: 'M' is deprecated and will be removed in a future version, please use 'ME' instead.\n",
      "  data = data.droplevel(0, axis=1).resample('M').last()\n"
     ]
    }
   ],
   "source": [
    "# ETF 가격 데이터 다운로드\n",
    "tickers = ['XLB', 'XLE', 'XLF', 'XLI', 'XLK', 'XLP', 'XLU', 'XLV', 'XLY']\n",
    "etf = yf.Tickers(tickers)\n",
    "data = etf.history(start='2010-01-01', actions=False)\n",
    "data.drop(['Open', 'High', 'Low', 'Volume'], axis=1, inplace=True)\n",
    "data = data.droplevel(0, axis=1).resample('M').last()"
   ]
  },
  {
   "cell_type": "code",
   "execution_count": 3,
   "metadata": {
    "id": "O4UlBpQdwVOO"
   },
   "outputs": [],
   "source": [
    "# 수익률\n",
    "ret = data.pct_change().dropna()\n",
    "\n",
    "# 공분산 행렬\n",
    "cov_mat = ret.cov() * 12\n",
    "\n",
    "# 변동성\n",
    "vols = ret.std() * np.sqrt(12)"
   ]
  },
  {
   "cell_type": "code",
   "execution_count": 12,
   "metadata": {},
   "outputs": [
    {
     "data": {
      "text/html": [
       "<div>\n",
       "<style scoped>\n",
       "    .dataframe tbody tr th:only-of-type {\n",
       "        vertical-align: middle;\n",
       "    }\n",
       "\n",
       "    .dataframe tbody tr th {\n",
       "        vertical-align: top;\n",
       "    }\n",
       "\n",
       "    .dataframe thead th {\n",
       "        text-align: right;\n",
       "    }\n",
       "</style>\n",
       "<table border=\"1\" class=\"dataframe\">\n",
       "  <thead>\n",
       "    <tr style=\"text-align: right;\">\n",
       "      <th>Ticker</th>\n",
       "      <th>XLB</th>\n",
       "      <th>XLE</th>\n",
       "      <th>XLF</th>\n",
       "      <th>XLI</th>\n",
       "      <th>XLK</th>\n",
       "      <th>XLP</th>\n",
       "      <th>XLU</th>\n",
       "      <th>XLV</th>\n",
       "      <th>XLY</th>\n",
       "    </tr>\n",
       "    <tr>\n",
       "      <th>Ticker</th>\n",
       "      <th></th>\n",
       "      <th></th>\n",
       "      <th></th>\n",
       "      <th></th>\n",
       "      <th></th>\n",
       "      <th></th>\n",
       "      <th></th>\n",
       "      <th></th>\n",
       "      <th></th>\n",
       "    </tr>\n",
       "  </thead>\n",
       "  <tbody>\n",
       "    <tr>\n",
       "      <th>XLB</th>\n",
       "      <td>0.036702</td>\n",
       "      <td>0.035145</td>\n",
       "      <td>0.029631</td>\n",
       "      <td>0.030662</td>\n",
       "      <td>0.024191</td>\n",
       "      <td>0.014017</td>\n",
       "      <td>0.009905</td>\n",
       "      <td>0.018010</td>\n",
       "      <td>0.027772</td>\n",
       "    </tr>\n",
       "    <tr>\n",
       "      <th>XLE</th>\n",
       "      <td>0.035145</td>\n",
       "      <td>0.073340</td>\n",
       "      <td>0.036265</td>\n",
       "      <td>0.033267</td>\n",
       "      <td>0.022701</td>\n",
       "      <td>0.013510</td>\n",
       "      <td>0.007837</td>\n",
       "      <td>0.016948</td>\n",
       "      <td>0.026987</td>\n",
       "    </tr>\n",
       "    <tr>\n",
       "      <th>XLF</th>\n",
       "      <td>0.029631</td>\n",
       "      <td>0.036265</td>\n",
       "      <td>0.036034</td>\n",
       "      <td>0.029822</td>\n",
       "      <td>0.022375</td>\n",
       "      <td>0.012816</td>\n",
       "      <td>0.007957</td>\n",
       "      <td>0.016824</td>\n",
       "      <td>0.025556</td>\n",
       "    </tr>\n",
       "    <tr>\n",
       "      <th>XLI</th>\n",
       "      <td>0.030662</td>\n",
       "      <td>0.033267</td>\n",
       "      <td>0.029822</td>\n",
       "      <td>0.032161</td>\n",
       "      <td>0.023956</td>\n",
       "      <td>0.014507</td>\n",
       "      <td>0.009940</td>\n",
       "      <td>0.017294</td>\n",
       "      <td>0.026804</td>\n",
       "    </tr>\n",
       "    <tr>\n",
       "      <th>XLK</th>\n",
       "      <td>0.024191</td>\n",
       "      <td>0.022701</td>\n",
       "      <td>0.022375</td>\n",
       "      <td>0.023956</td>\n",
       "      <td>0.031097</td>\n",
       "      <td>0.012183</td>\n",
       "      <td>0.007954</td>\n",
       "      <td>0.014977</td>\n",
       "      <td>0.027579</td>\n",
       "    </tr>\n",
       "    <tr>\n",
       "      <th>XLP</th>\n",
       "      <td>0.014017</td>\n",
       "      <td>0.013510</td>\n",
       "      <td>0.012816</td>\n",
       "      <td>0.014507</td>\n",
       "      <td>0.012183</td>\n",
       "      <td>0.014302</td>\n",
       "      <td>0.010816</td>\n",
       "      <td>0.011308</td>\n",
       "      <td>0.012823</td>\n",
       "    </tr>\n",
       "    <tr>\n",
       "      <th>XLU</th>\n",
       "      <td>0.009905</td>\n",
       "      <td>0.007837</td>\n",
       "      <td>0.007957</td>\n",
       "      <td>0.009940</td>\n",
       "      <td>0.007954</td>\n",
       "      <td>0.010816</td>\n",
       "      <td>0.019949</td>\n",
       "      <td>0.008166</td>\n",
       "      <td>0.008530</td>\n",
       "    </tr>\n",
       "    <tr>\n",
       "      <th>XLV</th>\n",
       "      <td>0.018010</td>\n",
       "      <td>0.016948</td>\n",
       "      <td>0.016824</td>\n",
       "      <td>0.017294</td>\n",
       "      <td>0.014977</td>\n",
       "      <td>0.011308</td>\n",
       "      <td>0.008166</td>\n",
       "      <td>0.017918</td>\n",
       "      <td>0.016339</td>\n",
       "    </tr>\n",
       "    <tr>\n",
       "      <th>XLY</th>\n",
       "      <td>0.027772</td>\n",
       "      <td>0.026987</td>\n",
       "      <td>0.025556</td>\n",
       "      <td>0.026804</td>\n",
       "      <td>0.027579</td>\n",
       "      <td>0.012823</td>\n",
       "      <td>0.008530</td>\n",
       "      <td>0.016339</td>\n",
       "      <td>0.034021</td>\n",
       "    </tr>\n",
       "  </tbody>\n",
       "</table>\n",
       "</div>"
      ],
      "text/plain": [
       "Ticker       XLB       XLE       XLF       XLI       XLK       XLP       XLU  \\\n",
       "Ticker                                                                         \n",
       "XLB     0.036702  0.035145  0.029631  0.030662  0.024191  0.014017  0.009905   \n",
       "XLE     0.035145  0.073340  0.036265  0.033267  0.022701  0.013510  0.007837   \n",
       "XLF     0.029631  0.036265  0.036034  0.029822  0.022375  0.012816  0.007957   \n",
       "XLI     0.030662  0.033267  0.029822  0.032161  0.023956  0.014507  0.009940   \n",
       "XLK     0.024191  0.022701  0.022375  0.023956  0.031097  0.012183  0.007954   \n",
       "XLP     0.014017  0.013510  0.012816  0.014507  0.012183  0.014302  0.010816   \n",
       "XLU     0.009905  0.007837  0.007957  0.009940  0.007954  0.010816  0.019949   \n",
       "XLV     0.018010  0.016948  0.016824  0.017294  0.014977  0.011308  0.008166   \n",
       "XLY     0.027772  0.026987  0.025556  0.026804  0.027579  0.012823  0.008530   \n",
       "\n",
       "Ticker       XLV       XLY  \n",
       "Ticker                      \n",
       "XLB     0.018010  0.027772  \n",
       "XLE     0.016948  0.026987  \n",
       "XLF     0.016824  0.025556  \n",
       "XLI     0.017294  0.026804  \n",
       "XLK     0.014977  0.027579  \n",
       "XLP     0.011308  0.012823  \n",
       "XLU     0.008166  0.008530  \n",
       "XLV     0.017918  0.016339  \n",
       "XLY     0.016339  0.034021  "
      ]
     },
     "execution_count": 12,
     "metadata": {},
     "output_type": "execute_result"
    }
   ],
   "source": [
    "cov_mat"
   ]
  },
  {
   "cell_type": "code",
   "execution_count": 11,
   "metadata": {},
   "outputs": [
    {
     "data": {
      "text/plain": [
       "Ticker\n",
       "XLB    0.191577\n",
       "XLE    0.270813\n",
       "XLF    0.189827\n",
       "XLI    0.179334\n",
       "XLK    0.176342\n",
       "XLP    0.119592\n",
       "XLU    0.141239\n",
       "XLV    0.133858\n",
       "XLY    0.184448\n",
       "dtype: float64"
      ]
     },
     "execution_count": 11,
     "metadata": {},
     "output_type": "execute_result"
    }
   ],
   "source": [
    "vols"
   ]
  },
  {
   "cell_type": "code",
   "execution_count": 4,
   "metadata": {
    "id": "UI19sPwWwhE8"
   },
   "outputs": [
    {
     "name": "stdout",
     "output_type": "stream",
     "text": [
      "0.6096092627891758\n"
     ]
    }
   ],
   "source": [
    "# 고정 상관계수\n",
    "corr_mat = ret.corr()\n",
    "\n",
    "# 이것은 공분산 행열이 아니라 상관계수 행열을 만드는것. \n",
    "# 대각 행열은 다 상관계수가 1 일 것임. 자기상관 \n",
    "\n",
    "# 대각 행열은 빼고, 나머지 삼각행열의 상관계수 평균\n",
    "# corr_mat.sum().sum()  = 전체 상관계수 행열 을 다 더한다음.\n",
    "# 티커의 캣수 만큼 빼 = 이렇게 하면 윗삼각, 아랫삼각 다 더한것 \n",
    "# (len(corr_mat) ** 2 - len(corr_mat)) 는 전채 갯수 - 대각 행열 갯수 = 삼각 행열의 갯수들\n",
    "const_corr = (corr_mat.sum().sum() - len(corr_mat)) / (len(corr_mat) ** 2 - len(corr_mat))\n",
    "print(const_corr)"
   ]
  },
  {
   "cell_type": "code",
   "execution_count": 5,
   "metadata": {},
   "outputs": [
    {
     "data": {
      "text/html": [
       "<div>\n",
       "<style scoped>\n",
       "    .dataframe tbody tr th:only-of-type {\n",
       "        vertical-align: middle;\n",
       "    }\n",
       "\n",
       "    .dataframe tbody tr th {\n",
       "        vertical-align: top;\n",
       "    }\n",
       "\n",
       "    .dataframe thead th {\n",
       "        text-align: right;\n",
       "    }\n",
       "</style>\n",
       "<table border=\"1\" class=\"dataframe\">\n",
       "  <thead>\n",
       "    <tr style=\"text-align: right;\">\n",
       "      <th>Ticker</th>\n",
       "      <th>XLB</th>\n",
       "      <th>XLE</th>\n",
       "      <th>XLF</th>\n",
       "      <th>XLI</th>\n",
       "      <th>XLK</th>\n",
       "      <th>XLP</th>\n",
       "      <th>XLU</th>\n",
       "      <th>XLV</th>\n",
       "      <th>XLY</th>\n",
       "    </tr>\n",
       "    <tr>\n",
       "      <th>Ticker</th>\n",
       "      <th></th>\n",
       "      <th></th>\n",
       "      <th></th>\n",
       "      <th></th>\n",
       "      <th></th>\n",
       "      <th></th>\n",
       "      <th></th>\n",
       "      <th></th>\n",
       "      <th></th>\n",
       "    </tr>\n",
       "  </thead>\n",
       "  <tbody>\n",
       "    <tr>\n",
       "      <th>XLB</th>\n",
       "      <td>1.000000</td>\n",
       "      <td>0.677404</td>\n",
       "      <td>0.814800</td>\n",
       "      <td>0.892484</td>\n",
       "      <td>0.716075</td>\n",
       "      <td>0.611803</td>\n",
       "      <td>0.366073</td>\n",
       "      <td>0.702322</td>\n",
       "      <td>0.785940</td>\n",
       "    </tr>\n",
       "    <tr>\n",
       "      <th>XLE</th>\n",
       "      <td>0.677404</td>\n",
       "      <td>1.000000</td>\n",
       "      <td>0.705448</td>\n",
       "      <td>0.684995</td>\n",
       "      <td>0.475347</td>\n",
       "      <td>0.417144</td>\n",
       "      <td>0.204887</td>\n",
       "      <td>0.467533</td>\n",
       "      <td>0.540270</td>\n",
       "    </tr>\n",
       "    <tr>\n",
       "      <th>XLF</th>\n",
       "      <td>0.814800</td>\n",
       "      <td>0.705448</td>\n",
       "      <td>1.000000</td>\n",
       "      <td>0.876037</td>\n",
       "      <td>0.668416</td>\n",
       "      <td>0.564525</td>\n",
       "      <td>0.296762</td>\n",
       "      <td>0.662101</td>\n",
       "      <td>0.729889</td>\n",
       "    </tr>\n",
       "    <tr>\n",
       "      <th>XLI</th>\n",
       "      <td>0.892484</td>\n",
       "      <td>0.684995</td>\n",
       "      <td>0.876037</td>\n",
       "      <td>1.000000</td>\n",
       "      <td>0.757520</td>\n",
       "      <td>0.676420</td>\n",
       "      <td>0.392442</td>\n",
       "      <td>0.720434</td>\n",
       "      <td>0.810333</td>\n",
       "    </tr>\n",
       "    <tr>\n",
       "      <th>XLK</th>\n",
       "      <td>0.716075</td>\n",
       "      <td>0.475347</td>\n",
       "      <td>0.668416</td>\n",
       "      <td>0.757520</td>\n",
       "      <td>1.000000</td>\n",
       "      <td>0.577680</td>\n",
       "      <td>0.319340</td>\n",
       "      <td>0.634494</td>\n",
       "      <td>0.847910</td>\n",
       "    </tr>\n",
       "    <tr>\n",
       "      <th>XLP</th>\n",
       "      <td>0.611803</td>\n",
       "      <td>0.417144</td>\n",
       "      <td>0.564525</td>\n",
       "      <td>0.676420</td>\n",
       "      <td>0.577680</td>\n",
       "      <td>1.000000</td>\n",
       "      <td>0.640332</td>\n",
       "      <td>0.706359</td>\n",
       "      <td>0.581319</td>\n",
       "    </tr>\n",
       "    <tr>\n",
       "      <th>XLU</th>\n",
       "      <td>0.366073</td>\n",
       "      <td>0.204887</td>\n",
       "      <td>0.296762</td>\n",
       "      <td>0.392442</td>\n",
       "      <td>0.319340</td>\n",
       "      <td>0.640332</td>\n",
       "      <td>1.000000</td>\n",
       "      <td>0.431908</td>\n",
       "      <td>0.327430</td>\n",
       "    </tr>\n",
       "    <tr>\n",
       "      <th>XLV</th>\n",
       "      <td>0.702322</td>\n",
       "      <td>0.467533</td>\n",
       "      <td>0.662101</td>\n",
       "      <td>0.720434</td>\n",
       "      <td>0.634494</td>\n",
       "      <td>0.706359</td>\n",
       "      <td>0.431908</td>\n",
       "      <td>1.000000</td>\n",
       "      <td>0.661756</td>\n",
       "    </tr>\n",
       "    <tr>\n",
       "      <th>XLY</th>\n",
       "      <td>0.785940</td>\n",
       "      <td>0.540270</td>\n",
       "      <td>0.729889</td>\n",
       "      <td>0.810333</td>\n",
       "      <td>0.847910</td>\n",
       "      <td>0.581319</td>\n",
       "      <td>0.327430</td>\n",
       "      <td>0.661756</td>\n",
       "      <td>1.000000</td>\n",
       "    </tr>\n",
       "  </tbody>\n",
       "</table>\n",
       "</div>"
      ],
      "text/plain": [
       "Ticker       XLB       XLE       XLF       XLI       XLK       XLP       XLU  \\\n",
       "Ticker                                                                         \n",
       "XLB     1.000000  0.677404  0.814800  0.892484  0.716075  0.611803  0.366073   \n",
       "XLE     0.677404  1.000000  0.705448  0.684995  0.475347  0.417144  0.204887   \n",
       "XLF     0.814800  0.705448  1.000000  0.876037  0.668416  0.564525  0.296762   \n",
       "XLI     0.892484  0.684995  0.876037  1.000000  0.757520  0.676420  0.392442   \n",
       "XLK     0.716075  0.475347  0.668416  0.757520  1.000000  0.577680  0.319340   \n",
       "XLP     0.611803  0.417144  0.564525  0.676420  0.577680  1.000000  0.640332   \n",
       "XLU     0.366073  0.204887  0.296762  0.392442  0.319340  0.640332  1.000000   \n",
       "XLV     0.702322  0.467533  0.662101  0.720434  0.634494  0.706359  0.431908   \n",
       "XLY     0.785940  0.540270  0.729889  0.810333  0.847910  0.581319  0.327430   \n",
       "\n",
       "Ticker       XLV       XLY  \n",
       "Ticker                      \n",
       "XLB     0.702322  0.785940  \n",
       "XLE     0.467533  0.540270  \n",
       "XLF     0.662101  0.729889  \n",
       "XLI     0.720434  0.810333  \n",
       "XLK     0.634494  0.847910  \n",
       "XLP     0.706359  0.581319  \n",
       "XLU     0.431908  0.327430  \n",
       "XLV     1.000000  0.661756  \n",
       "XLY     0.661756  1.000000  "
      ]
     },
     "execution_count": 5,
     "metadata": {},
     "output_type": "execute_result"
    }
   ],
   "source": [
    "corr_mat"
   ]
  },
  {
   "cell_type": "code",
   "execution_count": 6,
   "metadata": {
    "id": "dI3Mpr5fdWf0"
   },
   "outputs": [],
   "source": [
    "# Shrinkage 방법을 적용한 공분산 행렬 계산\n",
    "def covMatShrinkage(cov_mat, vols, const_corr, phi):  #phi가중치 \n",
    "\n",
    "    # 자산 개수\n",
    "    N = cov_mat.shape[0] \n",
    "\n",
    "    # 고정 상관계수로 상관계수 행렬 생성\n",
    "    const_corr_mat = np.full((N, N), const_corr) # 우선 const_corr 로 채우고\n",
    "    np.fill_diagonal(const_corr_mat, 1.0) # 대각 행열은 1.0으로 채우고\n",
    "\n",
    "    # 자산별 변동성\n",
    "    vols_mat = np.diag(vols) # vols를 대각 행열로 만드로 \n",
    "\n",
    "    # 상관계수 행렬을 공분산 행렬로 변환\n",
    "    const_cov_mat = vols_mat.T @ const_corr_mat @ vols_mat\n",
    "\n",
    "    # 두 공분산 행렬을 블렌딩\n",
    "    cov_mat_hat = (1 - phi) * cov_mat + phi * const_cov_mat\n",
    "\n",
    "    # 업데이트된 공분산 행렬 반환\n",
    "    return cov_mat_hat"
   ]
  },
  {
   "cell_type": "code",
   "execution_count": 7,
   "metadata": {
    "id": "lIcZ3lGmd3dv"
   },
   "outputs": [],
   "source": [
    "# 가중치\n",
    "phi = 0.7\n",
    "\n",
    "# Shrinkage 방법을 적용한 새로운 공분산 행렬\n",
    "cov_mat_hat = covMatShrinkage(cov_mat, vols, const_corr, phi)\n"
   ]
  },
  {
   "cell_type": "code",
   "execution_count": 13,
   "metadata": {},
   "outputs": [
    {
     "data": {
      "text/html": [
       "<div>\n",
       "<style scoped>\n",
       "    .dataframe tbody tr th:only-of-type {\n",
       "        vertical-align: middle;\n",
       "    }\n",
       "\n",
       "    .dataframe tbody tr th {\n",
       "        vertical-align: top;\n",
       "    }\n",
       "\n",
       "    .dataframe thead th {\n",
       "        text-align: right;\n",
       "    }\n",
       "</style>\n",
       "<table border=\"1\" class=\"dataframe\">\n",
       "  <thead>\n",
       "    <tr style=\"text-align: right;\">\n",
       "      <th>Ticker</th>\n",
       "      <th>XLB</th>\n",
       "      <th>XLE</th>\n",
       "      <th>XLF</th>\n",
       "      <th>XLI</th>\n",
       "      <th>XLK</th>\n",
       "      <th>XLP</th>\n",
       "      <th>XLU</th>\n",
       "      <th>XLV</th>\n",
       "      <th>XLY</th>\n",
       "    </tr>\n",
       "    <tr>\n",
       "      <th>Ticker</th>\n",
       "      <th></th>\n",
       "      <th></th>\n",
       "      <th></th>\n",
       "      <th></th>\n",
       "      <th></th>\n",
       "      <th></th>\n",
       "      <th></th>\n",
       "      <th></th>\n",
       "      <th></th>\n",
       "    </tr>\n",
       "  </thead>\n",
       "  <tbody>\n",
       "    <tr>\n",
       "      <th>XLB</th>\n",
       "      <td>0.036702</td>\n",
       "      <td>0.032683</td>\n",
       "      <td>0.024408</td>\n",
       "      <td>0.023859</td>\n",
       "      <td>0.021673</td>\n",
       "      <td>0.013982</td>\n",
       "      <td>0.014518</td>\n",
       "      <td>0.016346</td>\n",
       "      <td>0.023410</td>\n",
       "    </tr>\n",
       "    <tr>\n",
       "      <th>XLE</th>\n",
       "      <td>0.032683</td>\n",
       "      <td>0.073340</td>\n",
       "      <td>0.032817</td>\n",
       "      <td>0.030705</td>\n",
       "      <td>0.027189</td>\n",
       "      <td>0.017873</td>\n",
       "      <td>0.018673</td>\n",
       "      <td>0.020554</td>\n",
       "      <td>0.029411</td>\n",
       "    </tr>\n",
       "    <tr>\n",
       "      <th>XLF</th>\n",
       "      <td>0.024408</td>\n",
       "      <td>0.032817</td>\n",
       "      <td>0.036034</td>\n",
       "      <td>0.023474</td>\n",
       "      <td>0.020997</td>\n",
       "      <td>0.013532</td>\n",
       "      <td>0.013828</td>\n",
       "      <td>0.015890</td>\n",
       "      <td>0.022608</td>\n",
       "    </tr>\n",
       "    <tr>\n",
       "      <th>XLI</th>\n",
       "      <td>0.023859</td>\n",
       "      <td>0.030705</td>\n",
       "      <td>0.023474</td>\n",
       "      <td>0.032161</td>\n",
       "      <td>0.020682</td>\n",
       "      <td>0.013504</td>\n",
       "      <td>0.013791</td>\n",
       "      <td>0.015432</td>\n",
       "      <td>0.022156</td>\n",
       "    </tr>\n",
       "    <tr>\n",
       "      <th>XLK</th>\n",
       "      <td>0.021673</td>\n",
       "      <td>0.027189</td>\n",
       "      <td>0.020997</td>\n",
       "      <td>0.020682</td>\n",
       "      <td>0.031097</td>\n",
       "      <td>0.012654</td>\n",
       "      <td>0.013014</td>\n",
       "      <td>0.014566</td>\n",
       "      <td>0.022153</td>\n",
       "    </tr>\n",
       "    <tr>\n",
       "      <th>XLP</th>\n",
       "      <td>0.013982</td>\n",
       "      <td>0.017873</td>\n",
       "      <td>0.013532</td>\n",
       "      <td>0.013504</td>\n",
       "      <td>0.012654</td>\n",
       "      <td>0.014302</td>\n",
       "      <td>0.010453</td>\n",
       "      <td>0.010224</td>\n",
       "      <td>0.013260</td>\n",
       "    </tr>\n",
       "    <tr>\n",
       "      <th>XLU</th>\n",
       "      <td>0.014518</td>\n",
       "      <td>0.018673</td>\n",
       "      <td>0.013828</td>\n",
       "      <td>0.013791</td>\n",
       "      <td>0.013014</td>\n",
       "      <td>0.010453</td>\n",
       "      <td>0.019949</td>\n",
       "      <td>0.010517</td>\n",
       "      <td>0.013676</td>\n",
       "    </tr>\n",
       "    <tr>\n",
       "      <th>XLV</th>\n",
       "      <td>0.016346</td>\n",
       "      <td>0.020554</td>\n",
       "      <td>0.015890</td>\n",
       "      <td>0.015432</td>\n",
       "      <td>0.014566</td>\n",
       "      <td>0.010224</td>\n",
       "      <td>0.010517</td>\n",
       "      <td>0.017918</td>\n",
       "      <td>0.015437</td>\n",
       "    </tr>\n",
       "    <tr>\n",
       "      <th>XLY</th>\n",
       "      <td>0.023410</td>\n",
       "      <td>0.029411</td>\n",
       "      <td>0.022608</td>\n",
       "      <td>0.022156</td>\n",
       "      <td>0.022153</td>\n",
       "      <td>0.013260</td>\n",
       "      <td>0.013676</td>\n",
       "      <td>0.015437</td>\n",
       "      <td>0.034021</td>\n",
       "    </tr>\n",
       "  </tbody>\n",
       "</table>\n",
       "</div>"
      ],
      "text/plain": [
       "Ticker       XLB       XLE       XLF       XLI       XLK       XLP       XLU  \\\n",
       "Ticker                                                                         \n",
       "XLB     0.036702  0.032683  0.024408  0.023859  0.021673  0.013982  0.014518   \n",
       "XLE     0.032683  0.073340  0.032817  0.030705  0.027189  0.017873  0.018673   \n",
       "XLF     0.024408  0.032817  0.036034  0.023474  0.020997  0.013532  0.013828   \n",
       "XLI     0.023859  0.030705  0.023474  0.032161  0.020682  0.013504  0.013791   \n",
       "XLK     0.021673  0.027189  0.020997  0.020682  0.031097  0.012654  0.013014   \n",
       "XLP     0.013982  0.017873  0.013532  0.013504  0.012654  0.014302  0.010453   \n",
       "XLU     0.014518  0.018673  0.013828  0.013791  0.013014  0.010453  0.019949   \n",
       "XLV     0.016346  0.020554  0.015890  0.015432  0.014566  0.010224  0.010517   \n",
       "XLY     0.023410  0.029411  0.022608  0.022156  0.022153  0.013260  0.013676   \n",
       "\n",
       "Ticker       XLV       XLY  \n",
       "Ticker                      \n",
       "XLB     0.016346  0.023410  \n",
       "XLE     0.020554  0.029411  \n",
       "XLF     0.015890  0.022608  \n",
       "XLI     0.015432  0.022156  \n",
       "XLK     0.014566  0.022153  \n",
       "XLP     0.010224  0.013260  \n",
       "XLU     0.010517  0.013676  \n",
       "XLV     0.017918  0.015437  \n",
       "XLY     0.015437  0.034021  "
      ]
     },
     "execution_count": 13,
     "metadata": {},
     "output_type": "execute_result"
    }
   ],
   "source": [
    "cov_mat_hat"
   ]
  },
  {
   "cell_type": "code",
   "execution_count": 8,
   "metadata": {
    "id": "ZFQEu8NFxJwH"
   },
   "outputs": [
    {
     "data": {
      "text/plain": [
       "<Axes: xlabel='Ticker', ylabel='Ticker'>"
      ]
     },
     "execution_count": 8,
     "metadata": {},
     "output_type": "execute_result"
    },
    {
     "data": {
